1	0.535376298732356	0.6841756141510009	0.0005
2	0.5534438857935855	0.6651027966804505	0.0004999922894111975
3	0.5288767551646986	0.6677068820800781	0.0004999691581204152
4	0.5002706069283737	0.6026959583625794	0.0004999306075545002
5	0.4916142883685263	0.5589333958702087	0.000499876640091433
6	0.48368974715182655	0.5573830973396301	0.0004998072590601809
7	0.4799310957655656	0.5607277288398743	0.0004997224687404927
8	0.4782550134437963	0.5712277320098877	0.0004996222743626346
9	0.47570110567534596	0.5686236557922363	0.000499506682107068
10	0.47222701256581356	0.5583048137016297	0.0004993756991040677
11	0.46902061871588857	0.5443981943397522	0.0004992293334332822
12	0.46603130033533197	0.5459367193336487	0.0004990675941232355
13	0.4639386995001341	0.5425874047889709	0.0004988904911507702
14	0.46212509498505844	0.5391595690879821	0.0004986980354404318
15	0.46084455612724706	0.5376271797828674	0.0004984902388637952
16	0.4595107534238916	0.5349969218482972	0.0004982671142387318
17	0.45847000138212507	0.5233902350349426	0.0004980286753286197
18	0.4573459026352732	0.5192820961380005	0.0004977749368414939
19	0.45562923482533507	0.5258809248924255	0.0004975059144291396
20	0.45434975093128804	0.5212066688117981	0.0004972216246861263
21	0.453364337769157	0.5345171195030213	0.0004969220851487846
22	0.4535373734427	0.5265579489440918	0.0004966073142941241
23	0.4524684626491948	0.5200114663200378	0.0004962773315386937
24	0.4517536035152235	0.5351204998893738	0.0004959321572373842
25	0.4515632583965502	0.5197307504959107	0.0004955718126821724
26	0.4514620323521463	0.5205236359443665	0.0004951963201008078
27	0.4501299252228988	0.526251165977478	0.0004948057026554416
28	0.4499783058627279	0.5330837553520202	0.0004943999844411979
29	0.44937625709342954	0.5226965592918396	0.000493979190484687
30	0.4485658897568552	0.5205867027053833	0.0004935433467424626
31	1.9964940675992464	0.5585041019210816	0.0004930924800994193
32	0.5287104839222556	0.5526782287826538	0.0004926266183671357
33	0.48955579077409445	0.5696478768196106	0.0004921457902821579
34	0.46822556248444	0.5461721640472412	0.0004916500255042269
35	0.45570213301407664	0.5342828988838196	0.0004911393546144496
36	0.45134550858447425	0.5386954687805176	0.0004906138091134119
37	0.4485791068806899	0.545436888217926	0.0004900734214192358
38	0.4466212176108109	0.5262244764461518	0.0004895182248655798
39	0.4458308746380053	0.5301868209075927	0.0004889482536995825
40	0.4452553014485209	0.5252229095230102	0.0004883635430797503
41	0.4453690626812985	0.5155239459724427	0.00048776412907378846
42	0.4458151449073992	0.5242442989768982	0.0004871500486563762
43	0.44675906740670457	0.5372274695892334	0.0004865213397068864
44	0.44763845771899974	0.5334574310035706	0.0004858780410070485
45	0.4478710245982722	0.539963767086029	0.0004852201922385565
46	0.44782287096405027	0.5408079513320923	0.00048454783398062116
47	0.44767816853121706	0.5483980977554321	0.00048386100770746697
48	0.447343344563434	0.553242646987915	0.00048315975578577363
49	0.4478022553991017	0.5304915779380799	0.00048244412147206294
50	0.4470366803560759	0.5296670266494751	0.00048171414891003025
51	0.44647203486753767	0.5471137724952698	0.0004809698831278218
52	0.44614412813979704	0.5248326312370301	0.0004802113700352567
53	0.4455801300568832	0.5388512153244018	0.00047943865642099536
54	0.4451641156957526	0.5381934857940673	0.0004786517899496535
55	0.4453718338787681	0.5314727641372681	0.0004778508191588614
56	0.44535883218273364	0.5327159537582398	0.0004770357934562704
57	0.44538431507923726	0.5380667984352112	0.00047620676311650495
58	0.44626108525205915	0.5315144898033142	0.0004753637792780615
59	0.4460250407266115	0.5240314311408997	0.000474506893940154
60	0.44562060027162653	0.5179425181541443	0.0004736361599595064
61	0.445287711785969	0.5203488585891723	0.0004727516310470921
62	0.500745558334451	0.5387491489486694	0.00047185336176482106
63	0.448210418943104	0.5318112315330505	0.0004709414075221736
64	0.44507501814701683	0.5198501421737671	0.0004700158245727832
65	0.4449617191749372	0.5241717895736694	0.00046907667001096605
66	0.4447005676491386	0.5229827810115815	0.0004681240017681995
67	0.4461133247766997	0.5212400491065979	0.00046715787860954807
68	0.4458870288408179	0.5186919550094604	0.000466178360130039
69	0.4455539138613249	0.5285257053909301	0.00046518550675098613
70	0.44561612904538606	0.5252227567481995	0.00046417937971626267
71	0.44641704745814675	0.5208495964050293	0.00046316004108852327
72	0.4461384009809996	0.5164242631378174	0.00046212755374537616
73	0.4458807604455446	0.5299889739265442	0.000461081981375504
74	0.445541939404337	0.5272466965827942	0.00046002338847473567
75	0.44587842198924016	0.5186823163871765	0.00045895184034206777
76	0.47829311048588	0.5943629876403809	0.0004578674030756365
77	0.45045050850436563	0.5251938489799499	0.0004567701435686406
78	0.4462144274558017	0.5262993320770264	0.00045566012950521513
79	0.44625130306866295	0.5949133243446351	0.00045453742935625604
80	0.4448074991015384	0.5439370669136048	0.000453402112375197
81	0.4462172639694214	0.5316244629936219	0.00045225424859373704
82	0.44727975303178086	0.5833051765022278	0.00045109390881752125
83	0.4452118176533548	0.5257434886817932	0.00044992116462177286
84	0.44467352664375304	0.5500824821510315	0.0004487360883468777
85	0.44660682963070114	0.6538385358848572	0.00044753875309392276
86	0.4459201367951443	0.61207422731781	0.0004463292327201864
87	0.4480957456381948	0.5343844030303955	0.00044510760183458264
88	0.44630897171171086	0.6131703705711364	0.0004438739357930589
89	0.4445605885083048	0.5656760574150086	0.0004426283106939475
90	0.4471793802768306	0.5278546531333923	0.0004413708033732722
91	0.4447259642160315	0.549224971572876	0.0004401014914000079
92	0.4459663149500395	0.5441413789176941	0.00043882045307129606
93	0.4448736250848268	0.5200607842006684	0.00043752776740761505
94	0.44634246954395895	0.5333051339454651	0.00043622351414790563
95	0.4440490866682153	0.5238352159156799	0.00043490777374465255
96	0.44466012665076005	0.5821720843353272	0.00043358062735892157
97	0.4452278662048139	0.5479451966247558	0.0004322421568553531
98	0.44456653647613525	0.5257674793052673	0.0004308924447971125
99	0.4526031207864661	0.5179230431098938	0.00042953157444079737
100	0.4418277196483612	0.5269150136528015	0.0004281596297313015
101	0.44215064273472837	0.5373871261787414	0.000426776695296637
102	0.4428631036384984	0.5524052782821656	0.0004253828564427141
103	0.4463228725257673	0.5550209352226257	0.0004239781991480787
104	0.44545733223182277	0.5445370166893005	0.00042256281005860946
105	0.4436811605644226	0.5278625306282043	0.00042113677648217236
106	0.4434570845957304	0.5241288513813018	0.0004197001863832357
107	0.4445634462502128	0.5393764409484864	0.0004182531283774435
108	0.4442063152497944	0.527524216468811	0.00041679569172615007
109	0.4440761071032474	0.5199342670173644	0.0004153279663309131
110	0.44319666633636073	0.528091567489624	0.0004138500427279486
111	0.44815913239107635	0.5420882077789306	0.000412362012082546
112	0.4444996229945735	0.5155257877120971	0.0004108639661834448
113	0.44386645214612863	0.5275553124580383	0.0004093559974371725
114	0.44336910333834195	0.519836008392334	0.00040783819886234445
115	0.4434320102361378	0.5159952692070008	0.0004063106640839264
116	0.44228501479751187	0.5359810252151489	0.00040477348732745853
117	0.44312513802116793	0.5162669046287537	0.00040322676341324415
118	0.4413069170771147	0.5112157569274902	0.00040167058775049993
119	0.4408219180681329	0.5627586961975097	0.00040010505633147106
120	0.4418792980244285	0.5177931807441711	0.00039853026572550965
121	0.44044459184144674	0.5110435534248352	0.00039694631307311834
122	0.4407418634692744	0.525928235496521	0.0003953532960799576
123	0.44123694585388584	0.5048711912002564	0.00039375131301081965
124	0.44022595757052774	0.5094628146972656	0.000392140462683566
125	0.43885560042551947	0.5081959752120971	0.0003905208444630327
126	0.4391664086770509	0.5103804715538025	0.0003888925582549006
127	0.43935008329652486	0.5194941111564636	0.00038725570449953296
128	0.4408364877937718	0.518435200996399	0.0003856103841657797
129	0.4426574446507504	0.5208100658683776	0.00038395669874474915
130	0.44099237499819305	0.748445533946991	0.00038229475024354766
131	0.44283400108829296	0.5317546614341736	0.0003806246411789872
132	0.450872705895976	0.5268573110618592	0.00037894647457126186
133	0.4539617476766486	0.7238756020927429	0.0003772603539375928
134	0.4475942994228162	0.5286994385719299	0.0003755663832858431
135	0.4406478603177322	0.5196471673698425	0.0003738646671081019
136	0.43880427022140905	0.5313923867301941	0.0003721553103742388
137	0.4409141584262848	0.5180672601966858	0.00037043841852542884
138	0.44893799900847986	0.5288037369766235	0.00036871409746764866
139	0.4442254741169779	0.5387624805603027	0.0003669824535651434
140	0.4442201529446652	0.5542234361114502	0.00036524359363386566
141	0.44777769314274035	0.6008281184501648	0.0003634976249348867
142	0.4458936544151306	0.5523281967544555	0.0003617446551677803
143	0.45402845614543713	0.5289594486961364	0.00035998479246397876
144	0.44387052348488254	0.5242976868782043	0.0003582181453801035
145	0.4365900154087669	0.5322877777557373	0.0003564448228912682
146	0.43407158506684557	0.5343540080604553	0.00035466493438435703
147	0.4339881497095008	0.5137992624588013	0.00035287858965127723
148	0.43473686886345714	0.5307519386291504	0.00035108589888218624
149	0.44255441885556673	0.5817729722023011	0.00034928697265869515
150	0.4403830353121507	0.6257985605163574	0.0003474819219470471
151	0.44338706477165224	0.5144290008392334	0.0003456708580912725
152	0.4373250902817375	0.5526592136611939	0.0003438538928063208
153	0.44197688098556115	0.5336205086708069	0.00034203113817116957
154	0.43704683447034737	0.5195864940834045	0.00034020270662191046
155	0.43613522383960923	0.5229145844154358	0.00033836871094481433
156	0.4347305805151086	0.5196138935585022	0.0003365292642693733
157	0.43415101951819973	0.516728485294342	0.00033468448006132297
158	0.43462502610648307	0.513161160118103	0.0003328344721156428
159	0.4338950640904276	0.6035484789886475	0.0003309793545495374
160	0.4337562683635511	0.5120684962444305	0.0003291192417953966
161	0.43563773418055085	0.5120360453262329	0.0003272542485937369
162	0.43314488634420695	0.5396678672637939	0.000325384489986124
163	0.4334776166754271	0.525800683517456	0.00032351008130807605
164	0.4324453761145943	0.5120793540382386	0.0003216311381819496
165	0.43202896378938777	0.5139603682518006	0.00031974777650980735
166	0.4314214317233437	0.558051942111969	0.00031786011246626866
167	0.4343554186634265	0.5189628636760711	0.0003159682624913432
168	0.43252569544711866	0.5369456590461731	0.00031407234328324914
169	0.43583524063772905	0.512727956981659	0.0003121724717912137
170	0.4330638598137906	0.5822869482765197	0.0003102687652082597
171	0.4380909945330369	0.5372232827987671	0.0003083613409639764
172	0.44570857378216794	0.5614202929916382	0.000306450316717276
173	0.4482123679993278	0.5663664899978638	0.0003045358103491357
174	0.45250922159747076	0.5694845063705445	0.0003026179399553265
175	0.4549041157337992	0.6236145953140259	0.0003006968238391282
176	0.458837123737536	0.7379087175254821	0.00029877258050403215
177	0.45712102891028555	0.5696261137962342	0.00029684532864643126
178	0.45177302256624324	0.6090242281723023	0.0002949151871482982
179	0.4484455256902795	0.5730720744476319	0.00029298227506985243
180	0.4517939046192169	0.5968803560943603	0.0002910467116422158
181	0.4438501344895614	0.5444775575790405	0.0002891086162600578
182	0.4501313732304824	0.5410148232765197	0.00028716810847423087
183	0.4427660626951519	0.5495572329444885	0.00028522530798439575
184	0.45243866613508527	0.5980335837478638	0.0002832803346316382
185	0.44819081169238845	0.5813181931152344	0.00028133330839107617
186	0.44556433071809065	0.6158974794540405	0.0002793843493644595
187	0.4439963217555598	0.7405663649520874	0.0002774335777727614
188	0.44311611663768163	0.607362003074646	0.00027548111394876254
189	0.4451843639327601	0.5484550258407592	0.0002735270783296286
190	0.4410576344702871	0.5439185243415833	0.0002715715914494809
191	0.4553483133589092	0.6277659851493835	0.00026961477393196127
192	0.45990545923433807	0.551371264377594	0.0002676567464827917
193	0.45712596868203814	1.0840391401290894	0.0002656976298823284
194	0.4935811090630983	1.3471531683044433	0.0002637375449781115
195	0.4647114478653356	0.6831115525703431	0.0002617766126774107
196	0.44818120235162034	0.6117078505859375	0.0002598149539397672
197	0.44688318597763466	0.5605354782714844	0.0002578526897695321
198	0.45862844548887954	0.5864465772399903	0.00025588994120840264
199	0.4517830142237011	0.6027777325019836	0.00025392682932795524
200	0.4505116954641844	0.6519322828826905	0.00025196347522217787
201	0.4422085177555084	0.6025592306976318	0.00025000000000000006
202	0.4520142533503081	0.5654112204399109	0.00024803652477782225
203	0.4914312499387641	0.6485042116355896	0.00024607317067204494
204	0.4544700965348294	0.6870230443840026	0.0002441100587915975
205	0.4491475307319039	0.5726581331176758	0.000242147310230468
206	0.4686201085755198	2.414737251831055	0.00024018504606023293
207	0.4465439494289599	0.538080742324829	0.00023822338732258942
208	0.4438576334872999	0.5638273346366882	0.00023626245502188868
209	0.4437276102905273	0.6172949389686585	0.00023430237011767173
210	0.44200908189111004	0.5926138518104553	0.0002323432535172084
211	0.45665455201630845	0.5413490978775024	0.00023038522606803885
212	0.4450703205016287	1.7285443928070068	0.00022842840855051924
213	0.46152603359342875	0.586650776386261	0.00022647292167037145
214	0.44572769930267336	0.6033714212684631	0.0002245188860512375
215	0.4433497963278921	1.0419116486625672	0.00022256642222723868
216	0.4472042915564085	0.6477269877700805	0.0002206156506355406
217	0.4526168591465197	0.5932087324676514	0.00021866669160892395
218	0.44974033743637487	0.5940281651268006	0.00021671966536836193
219	0.44408002787429407	0.6067492837791443	0.00021477469201560437
220	0.4404018318372024	0.5861371431427002	0.00021283189152576925
221	0.44477820431448284	0.6371339041976929	0.0002108913837399423
222	0.44845038650613084	0.8511510725822449	0.00020895328835778424
223	0.45555565196007175	1.3739562416381836	0.00020701772493014758
224	0.45376934948148223	0.7515574171791076	0.00020508481285170185
225	0.44816497421144186	0.6172013798866272	0.00020315467135356883
226	0.44332102460399425	0.6014984607505799	0.00020122741949596794
227	0.4446237239553552	0.6145435220413208	0.00019930317616087187
228	0.45222137746138324	0.6174810031585694	0.0001973820600446736
229	0.4417827842592942	1.3773925200576782	0.0001954641896508644
230	0.4639887560213993	0.6197022858085632	0.0001935496832827241
231	0.455295497769406	0.7076881040382386	0.00019163865903602356
232	0.464152574337106	0.695256648513794	0.00018973123479174025
233	0.46225825215239275	0.7841128227806091	0.00018782752820878623
234	0.4520748910041608	0.6320683658485413	0.00018592765671675076
235	0.44898699415166754	0.6658424429321289	0.00018403173750865674
236	0.4605326429468456	0.7338142384376526	0.0001821398875337314
237	0.4535923598900845	0.6480836845092773	0.00018025222349019266
238	0.4597772868172495	0.645291770439148	0.0001783688618180504
239	0.45329970999687597	0.6303715386810302	0.000176489918691924
240	0.4481242167611373	0.6437374756584168	0.00017461551001387608
241	0.4635883739856921	0.617823790309906	0.00017274575140626317
242	0.46424814981139334	0.8076644693489075	0.00017088075820460342
243	0.4672425211300097	0.6316103015098572	0.00016902064545046259
244	0.4480279687537143	0.6300675598754882	0.0001671655278843572
245	0.44351219349720605	0.5788311174392701	0.00016531551993867713
246	0.4790772255290182	0.8363855356140136	0.0001634707357306267
247	0.4581461913220255	0.6036198711891174	0.0001616312890551857
248	0.4507015543416676	0.6121062752037049	0.00015979729337808955
249	0.45130640722074006	0.6327498966560364	0.00015796886182883053
250	0.4458799324009544	0.6077494921569824	0.00015614610719367925
251	0.4421062730547252	0.6030834665336609	0.0001543291419087276
252	0.4429513927957635	0.5940727053031921	0.00015251807805295291
253	0.44404539090447676	0.6554994260063172	0.0001507130273413048
254	0.44361464096762004	0.5817997959861755	0.00014891410111781374
255	0.44303948244124963	0.5763380543594361	0.0001471214103487228
256	0.4403951249331424	0.6153412399902344	0.00014533506561564293
257	0.45216492090586613	0.6058429649238587	0.00014355517710873183
258	0.44404144155130887	0.646740820602417	0.0001417818546198965
259	0.4529838529812662	0.6231899256515503	0.0001400152075360212
260	0.45554230192074024	0.6327886307449341	0.00013825534483221974
261	0.4501582581440775	0.6444445435371399	0.00013650237506511331
262	0.4482229935071845	0.635726052116394	0.00013475640636613446
263	0.46060823074160123	0.7801231076431274	0.0001330175464348567
264	0.44826501102467586	0.642632752128601	0.0001312859025323513
265	0.4468194165001919	0.6723455448875427	0.00012956158147457115
266	0.4470135788555145	0.6466073688163757	0.00012784468962576123
267	0.44955569070926465	0.6877225559577942	0.00012613533289189809
268	0.4503521669200094	0.7300535122451782	0.00012443361671415687
269	0.4507409908458308	0.8645970276145936	0.00012273964606240718
270	0.45253777102590864	0.7240167427024842	0.00012105352542873816
271	0.45572261657714846	0.7563873198623657	0.00011937535882101281
272	0.46420970034679615	0.6656143525428772	0.00011770524975645239
273	0.4553871752547214	0.6804263800735474	0.00011604330125525078
274	0.45864297944008675	0.6561251918373108	0.00011438961583422028
275	0.45048111370297483	0.6419019463653565	0.00011274429550046702
276	0.44481623568133305	0.5995967215614318	0.00011110744174509942
277	0.4408103509000477	0.5934071311950684	0.00010947915553696733
278	0.43947712485725	0.5993706894950867	0.000107859537316434
279	0.4392361209952706	0.5969802988815308	0.00010624868698918036
280	0.4423663830448954	0.589749525466919	0.00010464670392004236
281	0.4385331306897214	0.5865954599761963	0.00010305368692688174
282	0.4385421168250034	0.6160499626235962	0.00010146973427449037
283	0.43704777232230335	0.606275775215149	9.989494366852901e-05
284	0.4370204600916411	0.6151936831588745	9.832941224950003e-05
285	0.4364334226080242	0.5876063258094788	9.677323658675585e-05
286	0.429118449801194	0.5737555752944946	9.522651267254148e-05
287	0.415448920122247	0.5834653995094299	9.36893359160737e-05
288	0.4193449501397986	0.5956487021522522	9.216180113765558e-05
289	0.42152085637233133	0.6026082125244141	9.064400256282758e-05
290	0.4191770780561347	0.567904316230774	8.913603381655529e-05
291	0.4262669623843745	0.5957186642417908	8.763798791745413e-05
292	0.4250347524392981	0.5731380767326355	8.614995727205156e-05
293	0.42517996163518806	0.59230701096344	8.467203366908708e-05
294	0.4217348868448358	0.5813083191604614	8.320430827385013e-05
295	0.42089764749316166	0.5846750303077698	8.174687162255666e-05
296	0.4214013553631431	0.6479283440818787	8.029981361676456e-05
297	0.42284003284986393	0.6030491684646606	7.886322351782783e-05
298	0.421138399617948	0.5610865510940551	7.743718994139072e-05
299	0.4203356008865959	0.5413099265518189	7.602180085192145e-05
300	0.4208548338299801	0.562034323261261	7.46171435572861e-05
301	0.420317140013243	0.5552515361213685	7.322330470336315e-05
302	0.4202725101593419	0.5714460741767883	7.184037026869868e-05
303	0.4221596588184959	0.5638789051361084	7.046842555920284e-05
304	0.42619188982682477	0.5779350347251893	6.910755520288771e-05
305	0.4262994831108294	0.5864359892234802	6.775784314464718e-05
306	0.4258413613479012	0.5608731916389466	6.64193726410786e-05
307	0.4226848343859221	0.577229495754242	6.509222625534757e-05
308	0.42019812345785845	0.5714289526557922	6.377648585209448e-05
309	0.41911932768922106	0.5886838989524842	6.247223259238511e-05
310	0.41978984579528006	0.567124466506958	6.117954692870413e-05
311	0.4196494658802434	0.5642402433815003	5.9898508599992276e-05
312	0.42043152550235546	0.5720781612281799	5.8629196626728006e-05
313	0.4215824630095833	0.5841919542770386	5.7371689306052724e-05
314	0.4229724581657209	0.5882514957046509	5.6126064206941424e-05
315	0.42166148924917923	0.580865631149292	5.489239816541762e-05
316	0.4255460974469436	0.575386220363617	5.367076727981375e-05
317	0.42553974335560046	0.6018291279373169	5.246124690607741e-05
318	0.42640581256535176	0.5811844292373657	5.126391165312251e-05
319	0.42372489069918584	0.5800380151367187	5.0078835378227365e-05
320	0.422591700795525	0.5772624948806763	4.890609118247889e-05
321	0.4228733184118773	0.5791693382453919	4.774575140626317e-05
322	0.42274610100997123	0.5666625562400818	4.659788762480328e-05
323	0.42441938638285587	0.576827827129364	4.5462570643744185e-05
324	0.4247185224996868	0.5604062179222107	4.433987049478509e-05
325	0.4224973464042262	0.5813886982727051	4.322985643135958e-05
326	0.42173738264425176	0.5760047984428406	4.2132596924363755e-05
327	0.4220143320025394	0.582674570602417	4.1048159657932495e-05
328	0.42668876165550634	0.5887119170570374	3.997661152526453e-05
329	0.42850223079249733	0.5994156582260132	3.891801862449629e-05
330	0.42572309866212543	0.5840911558799744	3.787244625462411e-05
331	0.42289899658664903	0.576655186580658	3.6839958911477014e-05
332	0.4216889278277347	0.5693576050338746	3.5820620283737615e-05
333	0.4222846469820926	0.5624852954940796	3.4814493249014064e-05
334	0.42218661661138035	0.5659349168395996	3.3821639869961257e-05
335	0.4216140012163865	0.5551833398475647	3.2842121390452176e-05
336	0.42079305640331066	0.5557800503196716	3.187599823180076e-05
337	0.4210742778508036	0.5528499651985168	3.0923329989034106e-05
338	0.42212566583683614	0.5542918956031799	2.998417542721707e-05
339	0.42417294388299237	0.5710870973472595	2.9058592477826635e-05
340	0.4278645085705205	0.5683644348220825	2.814663823517924e-05
341	0.429562222244865	0.5608323132820129	2.7248368952908055e-05
342	0.4284510757633008	0.5554993552932739	2.6363840040493802e-05
343	0.42657225504764756	0.5719379775657654	2.5493106059846115e-05
344	0.4274109306259155	0.5582732596626282	2.4636220721938552e-05
345	0.4274708157758211	0.5777857555465699	2.3793236883495164e-05
346	0.42690514077136393	0.5711564804229736	2.2964206543729662e-05
347	0.42645794336810866	0.5670136180076599	2.2149180841138736e-05
348	0.42695047394280683	0.5715332412719727	2.1348210050346596e-05
349	0.43103705805718273	0.5944473350868225	2.056134357900477e-05
350	0.4358351017825478	0.6159195323143005	1.9788629964743454e-05
351	0.4398512343234012	0.5997821492958069	1.903011687217837e-05
352	0.437992829102466	0.585298094127655	1.82858510899698e-05
353	0.43536782405070257	0.5746752307662963	1.7555878527937163e-05
354	0.43623386530544883	0.5953810628395081	1.6840244214226503e-05
355	0.4356490077408238	0.6073952018241883	1.6138992292533156e-05
356	0.43709098575963473	0.5936607437286376	1.545216601937899e-05
357	0.4354251898330889	0.5756480131454468	1.4779807761443639e-05
358	0.43050737892311497	0.5648361023750306	1.412195899295163e-05
359	0.4294965622358824	0.5707863726539611	1.3478660293113677e-05
360	0.42829880313381397	0.5632053355751038	1.2849951343623879e-05
361	0.42885209331381946	0.5740970155181885	1.2235870926211619e-05
362	0.429381234942386	0.5852344675292969	1.1636456920249702e-05
363	0.43014803035806354	0.5872741379394532	1.1051746300417472e-05
364	0.43059724614735656	0.5763036429328918	1.0481775134420199e-05
365	0.42999721784912914	0.579254302318573	9.926578580764265e-06
366	0.4303735345302381	0.5785696082038879	9.386190886588184e-06
367	0.42994512995438827	0.5889853555030823	8.860645385550513e-06
368	0.4297428022229044	0.5843939313964843	8.349974495773187e-06
369	0.4288971504454362	0.5909396738090515	7.854209717842262e-06
370	0.43037250913097985	0.585507851940155	7.373381632864387e-06
371	0.43203875744930065	0.5944293631248474	6.907519900580863e-06
372	0.43306942359833966	0.6032394998130798	6.4566532575376666e-06
373	0.435005946338252	0.5970117152862549	6.020809515313171e-06
374	0.4339217089478342	0.5930352255134582	5.600015558802353e-06
375	0.43464234763687537	0.6272559473342896	5.194297344558536e-06
376	0.4366940696692216	0.6849982541809082	4.803679899192394e-06
377	0.4380261791102761	0.6391067267875672	4.428187317827821e-06
378	0.4363788628684596	0.6651061760520935	4.067842762616043e-06
379	0.43832594968334	0.68847477060318	3.7226684613065342e-06
380	0.43727790745454087	0.6206157606887818	3.3926857058761428e-06
381	0.43501229813625936	0.6103339956550599	3.077914851215586e-06
382	0.4347851632391277	0.6317481393852233	2.7783753138738717e-06
383	0.4389948735142758	0.6597397813911438	2.4940855708606163e-06
384	0.4392554529763272	0.6377956154060364	2.225063158506319e-06
385	0.43705557377574317	0.622493219291687	1.971324671380559e-06
386	0.4360288808927034	0.6280270642242431	1.732885761268427e-06
387	0.4366380451243551	0.6137999540748597	1.5097611362051014e-06
388	0.4364881698589325	0.6031633066253662	1.3019645595683806e-06
389	0.4363637851771304	0.6082845873451233	1.1095088492300012e-06
390	0.4360758466054013	0.6031205793151856	9.324058767646861e-07
391	0.4352597060630196	0.6012440318984985	7.706665667180092e-07
392	0.434800762838464	0.6017567846412659	6.243008959324893e-07
393	0.4349225949372743	0.6064175118331909	4.933178929321104e-07
394	0.43509475213321885	0.6086005245857239	3.7772563736551704e-07
395	0.43522186396388	0.611739418750763	2.7753125950752423e-07
396	0.4352978336894387	0.6127983194923401	1.9274093981927484e-07
397	0.4356638969349108	0.6166770937423706	1.2335990856710004e-07
398	0.435390929623654	0.6165781815986633	6.939244549986071e-08
399	0.4355217144854696	0.6149491468391418	3.0841879584853086e-08
400	0.4356655656604767	0.6151464642524719	7.710588802584132e-09
401	0.4599270189581419	0.5962575583381653	1e-05
402	0.4538785418815613	0.592340816986084	9.997532801828659e-06
403	0.4518747313324778	0.5978486957855225	9.990133642141359e-06
404	0.4502698867310976	0.5897701958961487	9.977809823015402e-06
405	0.4492146454327232	0.591741671535492	9.960573506572391e-06
406	0.4482944831890307	0.5869814260940551	9.93844170297569e-06
407	0.44785775297707003	0.5838320620231628	9.911436253643447e-06
408	0.44702254781090583	0.5835024306182861	9.87958380969374e-06
409	0.4468856910351201	0.5840927267227173	9.842915805643158e-06
410	0.446442033961547	0.5795629457244873	9.801468428384718e-06
411	0.4460729241230613	0.5855615260467529	9.75528258147577e-06
412	0.4464724721569262	0.5925020833129883	9.70440384477113e-06
413	0.4466385052681973	0.5902728942871094	9.64888242944126e-06
414	0.4460603371795855	0.5900400432014465	9.588773128419908e-06
415	0.4463148294301284	0.5890363725776673	9.524135262330102e-06
416	0.44692827454817924	0.5933664355392456	9.455032620941843e-06
417	0.44684836904013786	0.5910652362213135	9.381533400219322e-06
418	0.44719884603901916	0.5979568017730713	9.303710135019723e-06
419	0.44858775587112026	0.5916062732315064	9.22163962751008e-06
420	0.4488334694275103	0.6012451289901733	9.135402871372813e-06
421	0.44889101664613423	0.6045446818161011	9.045084971874742e-06
422	0.4487321209199805	0.6073749744682312	8.950775061878454e-06
423	0.4485464956124958	0.6005505296859741	8.852566213878949e-06
424	0.4486394475653799	0.5994979339141846	8.7505553481523e-06
425	0.4490694075321398	0.6070119349098205	8.644843137107061e-06
426	0.4485858777336321	0.6014142433357239	8.53553390593274e-06
427	0.4481410348339081	0.5984877715606689	8.422735529643446e-06
428	0.4478461557131316	0.5968286718635559	8.306559326618261e-06
429	0.4481229467047641	0.6003401458435058	8.187119948743451e-06
430	0.44784076029586795	0.5972713722076416	8.064535268264885e-06
431	0.447702988079573	0.6033295221214294	7.938926261462368e-06
432	0.44791998351970475	0.601118502948761	7.810416889260654e-06
433	0.4478533108184212	0.6099937515716553	7.679133974894984e-06
434	0.44769619706716035	0.6079241091995239	7.545207078751858e-06
435	0.4477425828111548	0.6038149554710388	7.408768370508578e-06
436	0.4474568844281247	0.599280978099823	7.269952498697735e-06
437	0.44701955561437107	0.605079911769867	7.128896457825365e-06
438	0.4470078375013251	0.6025390709075927	6.985739453173904e-06
439	0.4472121754214638	0.6066206993141174	6.840622763423393e-06
440	0.44750588684724507	0.6090675402259826	6.693689601226459e-06
441	0.4474882282312293	0.60920065076828	6.545084971874739e-06
442	0.44744558796922784	0.6063242877235413	6.394955530196148e-06
443	0.4471450165251682	0.6119088086204528	6.243449435824274e-06
444	0.44690815502558257	0.6097259049339294	6.090716206982715e-06
445	0.44725986426875464	0.6080841746749878	5.9369065729286255e-06
446	0.4471000149935672	0.6126909782752991	5.7821723252011565e-06
447	0.4471178463083568	0.6105440574913025	5.626666167821524e-06
448	0.44711174653324326	0.6201561698951721	5.470541566592573e-06
449	0.4470284123543187	0.6136473798370361	5.313952597646569e-06
450	0.44743452396734135	0.616198016078949	5.1570537953906435e-06
451	0.4474473669727727	0.6212310479393005	5.000000000000002e-06
452	0.44807842581287183	0.6218899988555908	4.842946204609361e-06
453	0.4481814518038097	0.6187405244865417	4.686047402353435e-06
454	0.4478143465294085	0.6204669561424255	4.5294584334074295e-06
455	0.4473618475780487	0.6117613127250672	4.37333383217848e-06
456	0.44733952809484384	0.6207578020553589	4.217827674798846e-06
457	0.44713793612861635	0.6160445719223022	4.063093427071377e-06
458	0.44680063981036133	0.6142999973716736	3.909283793017289e-06
459	0.44701380082401476	0.614677289352417	3.756550564175726e-06
460	0.4470316468430569	0.6123071255187988	3.6050444698038542e-06
461	0.44695575641842894	0.6164863437652588	3.4549150281252644e-06
462	0.44678734500573813	0.6131285296401977	3.3063103987735433e-06
463	0.4466536771798385	0.6143674202156066	3.159377236576612e-06
464	0.44641568512013086	0.6146460334854126	3.0142605468260967e-06
465	0.4461482657515877	0.6101999377670289	2.871103542174637e-06
466	0.44629013329024064	0.6139477398452758	2.7300475013022666e-06
467	0.4461397761957269	0.6120654681510925	2.5912316294914232e-06
468	0.4461525876560211	0.6091640680465699	2.4547929212481436e-06
469	0.44595109172148456	0.6141210055847168	2.320866025105016e-06
470	0.4460021463357022	0.6115566278839112	2.189583110739347e-06
471	0.44626920661052905	0.6120012392044067	2.061073738537635e-06
472	0.44634562233864633	0.6108379570541382	1.935464731735117e-06
473	0.4462945348335065	0.6164848152389526	1.8128800512565512e-06
474	0.44632486802552873	0.6122562183418274	1.6934406733817415e-06
475	0.4463466458631817	0.6147976684913635	1.5772644703565564e-06
476	0.44634801335455243	0.6113174413719177	1.4644660940672628e-06
477	0.4464931099055441	0.6167418399200439	1.3551568628929434e-06
478	0.44632257988969903	0.6122690791358948	1.249444651847702e-06
479	0.44647896392300257	0.6112152082977295	1.1474337861210543e-06
480	0.44619576723460147	0.613842342086792	1.049224938121548e-06
481	0.44639578712272643	0.6133945075645447	9.549150281252633e-07
482	0.44641047049040544	0.6127352855377197	8.645971286271914e-07
483	0.44629583922145244	0.6152785352554321	7.783603724899257e-07
484	0.4463784203422948	0.6142217591705322	6.962898649802813e-07
485	0.4462308920734807	0.6126918274383545	6.184665997806822e-07
486	0.446029123323039	0.6139604049682618	5.449673790581611e-07
487	0.44637134166898224	0.6128713951835633	4.758647376699032e-07
488	0.4464912922352239	0.6148495929450989	4.112268715800954e-07
489	0.44639491623446814	0.6157224131736755	3.511175705587433e-07
490	0.4462632092691723	0.6143871984062195	2.9559615522887275e-07
491	0.4463560831354041	0.6127623099594116	2.4471741852423233e-07
492	0.4464081503060993	0.6174788874359131	1.985315716152852e-07
493	0.4463403507408343	0.6146840516090393	1.5708419435684515e-07
494	0.4466149777293958	0.6162272186317443	1.2041619030626336e-07
495	0.4461070203175796	0.6161878989372254	8.856374635655638e-08
496	0.4464387677485817	0.6135271482620239	6.155829702431169e-08
497	0.44625595738521373	0.6134527352256774	3.942649342761117e-08
498	0.44643083391952515	0.615767124710083	2.2190176984600017e-08
499	0.4463168379490501	0.61416326455307	9.866357858642204e-09
500	0.4463771507259168	0.613839308631897	2.4671981713419995e-09
